15
1 5
2 34
3 990
4 784
5 349
6 902
7 911
8 12
10 3
11 49
12 456
19 11177
4 11300
3 2243
8 119
4 784
5 349
6 902
7 911
8 12
10 3
11 49
12 456
19 11177
4 11300
3 2243
8 119
4 784
5 349
6 902
7 911
8 12
10 3
11 49
12 456
19 11177
4 11300
3 2243
8 119
4 784
5 349
6 902
7 911
8 12
10 3
11 49
12 456
19 11177
4 11300
3 2243
8 119
4 784
5 349
6 902
7 911
8 12
10 3
11 49
12 456
19 11177
4 11300
3 2243
8 119
4 784
5 349
6 902
7 911
8 12
10 3
11 49
12 456
19 11177
4 11300
3 2243
8 119
4 784
5 349
6 902
7 911
8 12
10 3
11 49
12 456
19 11177
4 11300
3 2243
8 119
4 784
5 349
6 902
7 911
8 12
10 3
11 49
12 456
19 11177
4 11300
3 2243
8 119
4 784
5 349
6 902
7 911
8 12
10 3
11 49
12 456
19 11177
4 11300
3 2243
8 119
4 784
5 349
6 902
7 911
8 12
10 3
11 49
12 456
19 11177
4 11300
3 2243
8 119
4 784
5 349
6 902
7 911
8 12
10 3
11 49
12 456
19 11177
4 11300
3 2243
8 119
4 784
5 349
6 902
7 911
8 12
10 3
11 49
12 456
19 11177
4 11300
3 2243
8 119
0 0
0

